16.824441421003517 45.792962217441264 9.1502689619263951
1.1309112451952763 39.35860296827137 39.758997911081714
5.9003330729175074 36.292155143481857 27.869400477720824
32.879659530058234 19.670244457156539 3.3719264605287513
9.02454994229933 15.780304816624302 7.4284382776528046
40.791497171634042 15.834038362642161 19.613055636325839
24.06385611001669 7.7045516886267045 47.964771180994305
38.09623132709207 25.444728964525421 15.598574055128827
2.4245816211045268 29.801094597215133 2.7877778541450517
12.84918198385529 39.111206841061225 3.3535899123519619 
18.738450347665513 34.744970290340831 32.548399250068506
39.683628217819972 7.97782022311292 27.199572854421305 2
9.7928618637577127 8.2658022428209463 23.705142590000467
19.691999429432894 1.6175460787364204 32.05302074290168 
1.4166426720532421 40.401853316460034 21.083751248655791
28.814016742027142 33.037031336318016 21.143791015963526
33.825144339612947 36.324978708413923 21.946534140404772
32.920982019495121 1.7646364296298511 19.2257664239669
9.5517897026420222 0.092068031721848076 41.070431609755367
46.629449867621545 35.68051798888709 11.025194443041785 
1.5395388984857317 3.581171271850303 42.175064910354337 
32.820506020356319 20.59647858496011 33.465579125761018
15.473521993815254 30.988656127972209 31.309789215713963
43.756840342237986 46.928095740489958 18.755894522996709
32.007771314543909 47.777418294912152 19.644513489846304