b1:
-64.662792988884348
55.166473202056522
-164.65949834408667
15.211160979463422
12.24130356452798
17.021888846682156
-27.158230855968867
4.6294220239768293
2.599812799324801
-140.22968989032836
IW1:
0.47033493164029083 1.4098429917984185 -0.45868250608443023
9.6050793142547 -4.8106381377184553 -6.2203249699239107
31.770859194938183 -5.7448922199483343 -16.587627795598152
-0.84940531846430345 0.992233239423821 -1.0016216732907082
-31.627591279841969 6.372163860709442 16.370799951110723
-54.424139618749813 18.259089064353208 28.641186983131369
-0.79810901615687035 1.4504845684255849 -2.1005592298494506
-0.4491767869239795 0.029756397265863002 -0.13040976475951177
-0.0095618922693373482 -0.033137398429464504 0.00097940644650935786
23.972375584069319 1.39315413638509 -0.74824486890357866
b2:
-52.815634642162856;
LW2:
-2.0210328911392796 1.4925632391411969 0.44033520941192872 -1.1474388699560774 -0.84731807564734474 -0.44500692998149916 -0.54580535770972349 1.2629238917177057 29.750097611943637 -11.125476345495747